# Nota: C-Order, 1 refers to the Y axis, 2 to the X axis
# Calibration done at Wed Apr 17 16:04:32 2024
poni_version: 2.1
Detector: Detector
Detector_config: {"pixel1": 0.00015, "pixel2": 0.00015, "max_shape": [2880, 2880], "orientation": 3}
Distance: 0.22363749651876752
Poni1: -0.022787614136464022
Poni2: 0.2175307880699291
Rot1: 0.7891998472863957
Rot2: -0.01416086513140222
Rot3: 5.04695291220393e-06
Wavelength: 6.888011024066681e-11
